feat_0,feat_1,feat_2,feat_3,feat_4,feat_5,feat_6,feat_7,feat_8,feat_9,target
-0.5581808107287306,1.8560546892474328,-0.053198233186156796,1.4609800212196704,-0.21910052880886424,0.32692737376416264,-2.211135309007885,0.7708651938869668,0.8294055811834892,0.23561455810856594,0.0
-1.2982633110297157,1.252910947705189,1.098852631772152,0.7038519249956302,-0.24751863555150475,-0.7271371758248686,0.620672097550678,-1.3353443587101013,-0.07443342910004629,0.17770100093325383,1.0
-2.2407540622442617,2.3045001941840453,1.8399103683588671,1.3397023410260664,-0.3748208075495975,-0.24032539815813503,0.44426331148603976,1.159329803364248,0.7109599682034915,-0.3609661658190799,1.0
-0.8438968600864424,0.5347939349823916,0.825848048134191,0.21164583139569507,-0.4787486216634773,0.22213377163371284,-0.8946073022195039,-0.4397310582741749,1.2557561255735208,-0.18687164416135904,1.0
-0.7042695578390484,-0.7135253245498665,1.1519914582675579,-0.8432121278364306,-0.5993926454440222,-0.8397218421807761,-0.525755021680761,0.15039378647620763,-2.123895724309807,-0.759132661553698,1.0
1.3470079620646926,-1.2059294305819586,-1.1776263661655901,-0.64760424882061,0.2320499373576363,-0.4710383056183228,-1.4074637743765552,-0.21344715171184725,-1.4480843414973241,-0.718444221252436,0.0
1.722513063796605,-1.4353487462162429,-1.548510140553303,-0.7342652378014675,0.40171172209894146,-0.1087601484568576,-0.40122047188583626,0.01259240078179486,0.6901439917111125,0.22409248181041677,0.0
-0.8854184350998274,1.0270322369759797,0.6805732261808835,0.6317462946514872,0.7003098794089914,-0.8583577801812136,0.12200981464536144,-0.09605989972464987,-0.5756378262377739,2.5600845382687947,1.0
-0.8274159585641723,0.8862935614189356,0.6653007744902968,0.5257689308069179,-1.1290517712172292,0.7216720640432351,0.48937456122791806,0.7129984301723881,-0.5245202662797737,-1.2221278088919454,1.0
-1.1405260113164644,1.3597056610640414,0.861991467010861,0.846092075879014,0.6060099513456396,-1.5566291735239037,1.7547941819843647,1.6964563682900382,-1.280429352496283,-2.081929407883722,1.0
0.2546430021067788,1.187390447607258,-0.7873652323462994,1.1221005495849454,1.4415686206579004,0.5298041779152828,-0.7968952554704768,-0.2030453860429927,-2.4716445001272893,0.57707212718054,0.0
-2.654612679520854,2.25661187611591,2.3686736652708946,1.1707746050032775,0.1503017614618776,0.11422764866203965,-0.056945623721067457,-1.7101683926566256,-0.36361221221385587,0.3078017688920592,1.0
-2.6831795444994633,1.9408764295065972,2.5298342401675162,0.8843953376867298,1.0536417966078395,-0.9758732529773327,2.632382064837391,0.1848361236948739,-0.949398888831943,0.4933179008808892,1.0
1.3939833044044845,0.2599567195465293,-1.820376905126064,0.6557408577654781,-0.9787637157823074,-0.26987493529337125,0.3773004930448522,-0.9221653241776254,-0.4442932600761116,0.7569886166453519,0.0
-1.075250682377452,-0.5335579949233338,1.5370358654053458,-0.7986478644996232,0.2034636358672231,-1.6064463202575725,-1.4222537095976742,-1.081548003614395,-0.7563507452843033,-0.6465728842425266,1.0
1.6363117662446873,-1.64060704027558,-1.36045573115083,-0.9411632487942617,-1.4301413779606327,1.6324113039316352,0.13074057728609134,-1.4358621511794394,-0.44004448669698376,1.4412732890661155,0.0
-1.762549014792444,1.49919829846459,1.5723367624455282,0.7781396948117076,-1.2795769667357015,-1.8408742313316453,0.026091050210833786,-0.7257438131534656,-0.6248185776956788,0.517659020469123,1.0
2.404373459872777,-2.3995500510720533,-2.003477382180378,-1.3731411950663555,1.475356216949552,0.3109075655980046,-0.1599385299634271,-1.0025293646378088,0.8576596232020194,-0.01901620790268883,0.0
0.4023835342389283,1.0617372718932707,-0.9191668645752945,1.056886469933688,1.355637858804951,0.8696059201056602,1.876795812558066,-1.244654703311417,0.41343490322370086,-0.773789199103573,0.0
1.2031659043051324,0.4176728955441491,-1.6483207269653521,0.7359477166920773,-0.12578692009964815,-0.9896048202585809,1.0941915184709485,1.5295503194606137,0.055724912288694604,-1.6924646297148194,0.0
-1.191371824053801,0.7364443525987714,1.1732935229774184,0.28247903129874347,-0.18490213644298903,0.924027019206901,1.0490092258368893,-1.4084612963635597,-0.5227230205190395,-0.7043436905427592,1.0
0.6306707302826332,0.8907587716860202,-1.132074272881558,0.9765000353052152,-1.6615200622689599,0.6385924587773739,-1.2110161997624567,0.047398671316414016,-0.06607979864731657,-0.6518361078021592,0.0
0.8834691021619602,-0.679587395912985,-0.8168062806626004,-0.3268361778655271,0.08187413938632256,-0.48536354782910346,-1.867265192591748,-1.6127158711896517,2.3146585666735087,0.6862601903745135,0.0
1.778729606079058,-0.0486290939293601,-2.171052819570561,0.5023007501469899,0.751387123371789,0.09933230542922587,0.543360192379935,0.5705986685931593,-1.6694052811213718,-0.6626237589458467,0.0
0.029102198062401108,0.08896213798745722,-0.07133524117291468,0.0871420582281426,1.088950596967366,-0.47193186578943347,-1.0777447779293061,0.6795977489346758,0.06428001909546277,-0.7153037092599682,0.0
-0.32066954063896924,-1.146581265094895,0.8523918571319432,-1.1064497925461263,-0.9075636620415979,-0.23894804686640975,0.755391225825756,-0.977555244798551,-0.5767713305683327,0.5009171876243808,1.0
-0.6280410441621462,-0.9554816196347338,1.1546608833545393,-1.032604866950344,1.8761708392158862,0.34175597577715944,-0.5769036556624031,0.4919191715065057,0.9504238381860503,-0.898414671348358,1.0
-0.9631423923877759,0.5560027554126633,0.9642331103688002,0.19375401623467067,-0.7031764251258874,1.1492733262856758,1.77080063563551,1.8124485579969287,-0.0349884904969617,-0.6269670577877674,1.0
-1.2282343087110918,2.3886935264317213,0.5594264309011303,1.7240021010510365,-0.38455554422982535,-0.8604133652839524,-0.5768918695231487,-1.129706854657618,1.0062928092144405,0.8356921120651418,0.0
-1.0337168231543552,-0.4894993512830038,1.4683082741920452,-0.7471798838118373,1.8314587658543537,-1.3202332070206422,-0.4691756521047048,1.3538723741654128,1.179440120721287,-1.7131345290908775,1.0
